energy low [eV],energy high [eV],energy mid [eV],mean,std. dev.
0.001,0.0010470399110535467,0.0010235199555267732,1e-08,1e-08
0.0010470399110535467,0.0010962925753390188,0.0010716662431962828,0.0,0.0
0.0010962925753390188,0.0011478620805716298,0.0011220773279553243,1e-08,1e-08
0.0011478620805716298,0.001201857410743458,0.0011748597456575438,1e-08,1e-08
0.001201857410743458,0.0012583926764438763,0.0012301250435936672,1e-08,1e-08
0.0012583926764438763,0.0013175873560142307,0.0012879900162290534,0.0,0.0
0.0013175873560142307,0.0013795665480464177,0.0013485769520303241,1e-08,1e-08
0.0013795665480464177,0.0014444612357589696,0.0014120138919026938,2e-08,1.3844373104863458e-08
0.0014444612357589696,0.0015124085638093675,0.0014784348997841684,1e-08,1e-08
0.0015124085638093675,0.0015835521281275823,0.0015479803459684748,0.0,0.0
0.0015835521281275823,0.0016580422793833582,0.0016207972037554702,2e-08,1.3844373104863458e-08
0.0016580422793833582,0.0017360364407285694,0.0016970393600559638,0.0,0.0
0.0017360364407285694,0.0018176994404861568,0.001776867940607363,0.0,0.0
0.0018176994404861568,0.001903203860488707,0.0018604516504874319,2e-08,1.3844373104863458e-08
0.001903203860488707,0.0019927304008028625,0.0019479671306457847,1e-08,1e-08
0.0019927304008028625,0.0020864682616103273,0.0020395993312065947,0.0,0.0
0.0020864682616103273,0.0021846155430525253,0.002135541902331426,5e-08,2.0412414523193148e-08
0.0021846155430525253,0.0022873796638839114,0.002235997603468218,6e-08,2.179449471770337e-08
0.0022873796638839114,0.0023949777998187017,0.0023411787318513063,6.999999999999999e-08,2.2912878474779198e-08
0.0023949777998187017,0.0025076373424973925,0.002451307571158047,3.0000000000000004e-08,1.6583123951776998e-08
0.0025076373424973925,0.002625596380043022,0.002566616861270207,5e-08,2.5000000000000002e-08
0.002625596380043022,0.0027491042002227594,0.0026873502901328906,3.0000000000000004e-08,2.19848432637882e-08
0.0027491042002227594,0.0028784218172781696,0.0028137630087504643,6e-08,2.179449471770337e-08
0.0028784218172781696,0.0030138225235375226,0.002946122170407846,6.999999999999999e-08,2.70801280154532e-08
0.0030138225235375226,0.003155592466975903,0.0030847074952567127,1.5e-07,4.787135538781691e-08
0.003155592466975903,0.003304031255943691,0.0032298118614597967,1.4e-07,3.559026084010436e-08
0.003304031255943691,0.0034594525923414203,0.0033817419241425556,1.2000000000000002e-07,3.570714214271425e-08
0.0034594525923414203,0.0036221849345791216,0.003540818763460271,1.0999999999999999e-07,3.253203549323856e-08
0.0036221849345791216,0.00379257219172122,0.003707378563150171,2.3000000000000002e-07,5.759050847723666e-08
0.00379257219172122,0.003970974450283936,0.0038817733210025785,2.2000000000000006e-07,4.4064346888007605e-08
0.003970974450283936,0.004157768735221199,0.004064371592752568,2.1999999999999998e-07,5.267826876426369e-08
0.004157768735221199,0.004353349806707221,0.00425555927096421,2.7000000000000006e-07,5.575242894559242e-08
0.004353349806707221,0.004558130994399704,0.0044557404005534625,3.000000000000001e-07,6.614378277661473e-08
0.004558130994399704,0.0047725450709466795,0.004665338032673192,3.6e-07,5.6050572402667465e-08
0.0047725450709466795,0.004997045166583053,0.004884795118764867,4.6e-07,5.894913061275796e-08
0.004997045166583053,0.005232105726749675,0.005114575446666364,4.800000000000002e-07,5.1881274720911225e-08
0.005232105726749675,0.005478223514758732,0.005355164620754204,6.500000000000001e-07,9.789450103725608e-08
0.005478223514758732,0.00573591866162443,0.005607071088191581,6.599999999999999e-07,6.271629240742265e-08
0.00573591866162443,0.0060057357652776215,0.005870827213451026,7.4e-07,8.953584012375525e-08
0.0060057357652776215,0.006288245041487384,0.0061469904033825025,8.599999999999998e-07,9.023118455759449e-08
0.006288245041487384,0.006584043528921856,0.00643614428520462,9.3e-07,7.291547618075788e-08
0.006584043528921856,0.00689375635089502,0.006738899939908438,1.1600000000000001e-06,8.883505314157619e-08
0.00689375635089502,0.0072180380364659435,0.007055897193680482,1.4900000000000001e-06,1.1317390747576633e-07
0.0072180380364659435,0.007557573903682418,0.007387805970074181,1.47e-06,1.2526638282742378e-07
0.007557573903682418,0.007913081507892243,0.00773532770578733,1.6199999999999995e-06,9.90790929846794e-08
0.007913081507892243,0.00828531215818296,0.0080991968330376,1.98e-06,1.4784564022430065e-07
0.00828531215818296,0.008675052505154754,0.008480182331668857,2.5300000000000003e-06,1.5832456116050526e-07
0.008675052505154754,0.00908312620338208,0.008879089354268416,2.8e-06,1.3616778865306873e-07
0.00908312620338208,0.009510395652077312,0.009296760927729696,3.0799999999999993e-06,2.2440662497647786e-07
0.009510395652077312,0.009957763817635065,0.00973407973485619,3.8599999999999995e-06,1.5143755588800804e-07
0.009957763817635065,0.010426176141908838,0.010191969979771951,4.229999999999999e-06,1.5871882896073454e-07
0.010426176141908838,0.01091662254025284,0.010671399341080839,4.96e-06,1.9773719933285248e-07
0.01091662254025284,0.011430139493551475,0.011173381016902156,5.39e-06,2.894247167514663e-07
0.011430139493551475,0.011967812238657767,0.01169897586610462,6.2399999999999995e-06,2.2149115858953236e-07
0.011967812238657767,0.012530777061869775,0.01224929465026377,7.199999999999998e-06,2.2453655975512718e-07
0.012530777061869775,0.01312022370029195,0.012825500381080861,7.939999999999999e-06,3.404286513598225e-07
0.01312022370029195,0.013737397856156318,0.013428810778224134,8.93e-06,2.841361176150149e-07
0.013737397856156318,0.014383603829417092,0.014060500842786705,1.005e-05,2.700308624336584e-07
0.014383603829417092,0.015060207274182318,0.014721905551799705,1.1709999999999998e-05,3.4990474894367077e-07
0.015060207274182318,0.01576863808480783,0.015414422679495074,1.3059999999999999e-05,3.873736353100625e-07
0.01576863808480783,0.016510393417752758,0.016139515751280295,1.528e-05,5.276362383309194e-07
0.016510393417752758,0.017287040855582907,0.01689871713666783,1.745e-05,4.811011674620325e-07
0.017287040855582907,0.018100221719808556,0.01769363128769573,2.021e-05,4.3652987679347863e-07
0.018100221719808556,0.01895165453955782,0.018525938129683187,2.271e-05,3.343775311430539e-07
0.01895165453955782,0.019843138683416164,0.01939739661148699,2.376e-05,5.499015063324192e-07
0.019843138683416164,0.020776558162107252,0.020309848422761706,2.7069999999999997e-05,4.144574767090149e-07
0.020776558162107252,0.021753885610051614,0.021265221886079433,3.226e-05,5.023859737957161e-07
0.021753885610051614,0.02277718645421747,0.02226553603213454,3.62e-05,6.299801584177051e-07
0.02277718645421747,0.023848623279073906,0.023312904866645688,3.817e-05,5.883805457921454e-07
0.023848623279073906,0.02497046039687107,0.02440954183797249,4.4609999999999995e-05,5.814994984234137e-07
0.02497046039687107,0.026145068632905992,0.02555776451488853,5.134e-05,7.627909281054327e-07
0.026145068632905992,0.02737493033588676,0.026759999484396377,5.543e-05,7.446363765847691e-07
0.02737493033588676,0.02866264462398391,0.028018787479935338,6.2e-05,8.938446919534456e-07
0.02866264462398391,0.03001093287765553,0.02933678875081972,6.983e-05,9.683232931206438e-07
0.03001093287765553,0.031422644490854405,0.030716788684254967,7.754e-05,8.736513415926348e-07
0.031422644490854405,0.03290076289277141,0.03216170369181291,8.615e-05,7.219764539097061e-07
0.03290076289277141,0.034448411852841206,0.033674587372806306,9.58e-05,8.56835262268428e-07
0.034448411852841206,0.0360688620823348,0.035258636967588006,0.00010669999999999999,9.718967709244006e-07
0.0360688620823348,0.03776553814649047,0.03691720011441263,0.00011933999999999998,9.920391457330418e-07
0.03776553814649047,0.039542025701790676,0.03865378192414057,0.00013335,1.265816600723283e-06
0.039542025701790676,0.041402079073679966,0.040472052387735324,0.00014422,9.254863586243669e-07
0.041402079073679966,0.04334962919073777,0.04237585413220887,0.00016084999999999998,1.3627484482962166e-06
0.04334962919073777,0.04538879189207431,0.04436921054140604,0.00017551999999999997,1.1364161503017031e-06
0.04538879189207431,0.04752387662550542,0.046456334258789866,0.00019345999999999995,1.3410723321285677e-06
0.04752387662550542,0.04975939555488892,0.04864163609019717,0.00021122000000000003,1.7908517526584036e-06
0.04975939555488892,0.052100073095869136,0.05092973432537903,0.00023345000000000004,1.6181264886689961e-06
0.052100073095869136,0.05455085590018209,0.05332546449802561,0.00025361000000000003,1.73187518795854e-06
0.05455085590018209,0.057116923309621495,0.05583388960490179,0.00027577,1.5010357535161195e-06
0.057116923309621495,0.059803698301758336,0.05846031080568992,0.00029980999999999996,1.6561929235451457e-06
0.059803698301758336,0.06261685895054618,0.06121027862615226,0.00032729,1.9021194319317428e-06
0.06261685895054618,0.06556235042603231,0.06408960468828925,0.00035682999999999993,1.3994582285069738e-06
0.06556235042603231,0.06864639755853433,0.06710437399228332,0.00038308999999999994,1.6305597198507643e-06
0.06864639755853433,0.07187551799383418,0.07026095777618425,0.0004162199999999999,2.036966699122535e-06
0.07187551799383418,0.07525653596719173,0.07356602698051296,0.000446,2.3680600358380347e-06
0.07525653596719173,0.07879659672528647,0.0770265663462391,0.00048075,2.3437416666516265e-06
0.07879659672528647,0.08250318162656611,0.08064988917592629,0.00051181,1.942361106145455e-06
0.08250318162656611,0.08638412395191439,0.08444365278924025,0.00055035,1.8798271197103364e-06
0.08638412395191439,0.090447625459051,0.08841587470548269,0.0005836600000000001,2.488803259935256e-06
0.090447625459051,0.09470227371564925,0.09257494958735013,0.0006216699999999998,2.6485341857979583e-06
0.09470227371564925,0.099157060247802,0.09692966698172563,0.00065932,2.276991802063855e-06
0.099157060247802,0.10382139954218973,0.10148922989499587,0.00069986,2.8165093644435066e-06
0.10382139954218973,0.10870514894210906,0.1062632742421494,0.0007347,2.562713405747188e-06
0.10870514894210906,0.1138186294794084,0.11126188921075873,0.0007761999999999999,3.5261227526376853e-06
0.1138186294794084,0.11917264768635635,0.11649563858288238,0.0008110299999999998,2.9276455272703223e-06
0.11917264768635635,0.1247785184335382,0.12197558305994727,0.0008349099999999998,3.7630572677027944e-06
0.1247785184335382,0.13064808884204515,0.12771330363779168,0.0008784699999999998,3.1509694275480453e-06
0.13064808884204515,0.1367937633204908,0.13372092608126798,0.00090784,4.173699398215412e-06
0.1367937633204908,0.1432285297797666,0.1400111465501287,0.0009309199999999999,2.809942170225444e-06
0.1432285297797666,0.14996598708093709,0.14659725843035185,0.0009665899999999999,3.3017318687821215e-06
0.14996598708093709,0.15702037377428169,0.1534931804276094,0.00098439,2.2796692011498058e-06
0.15702037377428169,0.16440659819021855,0.1607134859822501,0.00100586,2.4088413535694896e-06
0.16440659819021855,0.1721402699457026,0.16827343406796058,0.0010251899999999996,4.199213219961266e-06
0.1721402699457026,0.18023773293268194,0.17618900143919228,0.0010283900000000001,2.980459975681658e-06
0.18023773293268194,0.1887160998583282,0.18447691639550506,0.00103559963824,3.684014841021801e-06
0.1887160998583282,0.19759328841003618,0.19315469413418218,0.00103279,3.4025933736879126e-06
0.19759328841003618,0.20688805912162206,0.2022406737658291,0.0010211499999999997,2.5978757347771324e-06
0.20688805912162206,0.21662005502074405,0.21175405707118305,0.0010131699999999999,2.9791189972882535e-06
0.21662005502074405,0.226809843141334,0.22171494908103903,0.0009942999999999998,3.2491665598034464e-06
0.226809843141334,0.2374789579887712,0.2321444005650526,0.0009796700000000002,3.4048898660582416e-06
0.2374789579887712,0.24864994704965193,0.24306445251921155,0.00094274,4.075063394189549e-06
0.24864994704965193,0.26034641844233664,0.2544981827459943,0.00091484,2.81823969881954e-06
0.26034641844233664,0.2725930908089736,0.26646975462565514,0.0008768799999999999,3.472874649817294e-06
0.2725930908089736,0.28541584555443905,0.2790044681817063,0.00083069,2.2663425013308283e-06
0.28541584555443905,0.29884178154259267,0.29212881354851583,0.0007869800000000001,2.916330456810789e-06
0.29884178154259267,0.31289927236543963,0.3058705269540162,0.0007364900000000002,2.099527724669254e-06
0.31289927236543963,0.3276180263062294,0.3202586493358345,0.00068978,2.553890822516157e-06
0.3276180263062294,0.34302914912321286,0.33532358771472115,0.0006321099999999999,2.1626122321554697e-06
0.34302914912321286,0.3591652097867426,0.35109717945497776,0.0005822499999999999,2.4256013000223517e-06
0.3591652097867426,0.3760603093086394,0.367612759547691,0.00052619,2.0001708260383797e-06
0.3760603093086394,0.393750152809287,0.3849052310589632,0.00047532,2.17956991170211e-06
0.393750152809287,0.41227212497475624,0.4030111388920216,0.00042503,2.803803963664942e-06
0.41227212497475624,0.4316653690634254,0.4219687470190908,0.00037742000000000006,1.6842852094181223e-06
0.4316653690634254,0.4519708696290653,0.4418181193462454,0.00032723,1.9937882702693653e-06
0.4519708696290653,0.47323153913521065,0.462601204382138,0.00028858000000000003,1.642706100717042e-06
0.47323153913521065,0.49549230864386395,0.4843619238895373,0.00025097,1.5060516812736404e-06
0.49549230864386395,0.5188002227701878,0.5071462657070258,0.00021575,1.6632047378478319e-06
0.5188002227701878,0.5432045391038576,0.5310023809370227,0.00018287999999999996,1.2923750745562043e-06
0.5432045391038576,0.5687568323071858,0.5559806857055216,0.00015892999999999997,1.18765525300908e-06
0.5687568323071858,0.5955111031100121,0.5821339677085989,0.00013462,1.0700584096206155e-06
0.5955111031100121,0.6235238924317065,0.6095174977708593,0.00011436999999999998,1.0124351831106122e-06
0.6235238924317065,0.6528544008714552,0.6381891466515808,9.727e-05,9.890989165228864e-07
0.6528544008714552,0.6835646138193648,0.66820950734541,8.629999999999997e-05,9.098992618234639e-07
0.6835646138193648,0.7157194324527797,0.6996420231360723,7.308999999999999e-05,8.607022326759448e-07
0.7157194324527797,0.7493868108946533,0.7325531216737164,6.507000000000001e-05,8.505537411983823e-07
0.7493868108946533,0.7846378998238388,0.7670123553592461,5.76e-05,7.213991035943117e-07
0.7846378998238388,0.8215471968407938,0.8030925483323164,5.325000000000001e-05,8.220908303425518e-07
0.8215471968407938,0.8601927039064753,0.8408699503736345,4.818e-05,7.384555955957353e-07
0.8601927039064753,0.9006560921871456,0.8804243980468105,4.7999999999999994e-05,7.311520589681355e-07
0.9006560921871456,0.9430228746534638,0.9218394834203048,4.491999999999998e-05,8.156950001890285e-07
0.9430228746534638,0.9873825867986226,0.9652027307260431,4.221999999999999e-05,7.23751799076647e-07
0.9873825867986226,1.0338289758574506,1.0106057813280365,4.229e-05,6.747962655498257e-07
1.0338289758574506,1.0824601989263642,1.0581445873919075,4.0230000000000006e-05,7.706761100920634e-07
1.0824601989263642,1.1333790304028648,1.1079196146646146,4.129e-05,5.87487588521371e-07
1.1333790304028648,1.1866930791829704,1.1600360547929176,3.976999999999999e-05,6.535033792312963e-07
1.1866930791829704,1.2425150160755967,1.2146040476292836,3.9240000000000004e-05,5.040419956048554e-07
1.2425150160755967,1.3009628119144887,1.2717389139950428,3.95e-05,6.306412080837477e-07
1.3009628119144887,1.3621599868709182,1.3315613993927036,3.8660000000000006e-05,6.459618151768977e-07
1.3621599868709182,1.4262358714940264,1.3941979291824724,3.723e-05,7.891081463694838e-07
1.4262358714940264,1.493325880030483,1.4597808757622546,3.831999999999999e-05,6.244197306299775e-07
1.493325880030483,1.5635717966010745,1.5284488383157786,3.74e-05,7.610300037887114e-07
1.5635717966010745,1.6371220748390232,1.6003469357200488,3.699999999999999e-05,5.234102915814336e-07
1.6371220748390232,1.7141321516232484,1.6756271132311358,3.689000000000001e-05,5.012650662739784e-07
1.7141321516232484,1.7947647755696305,1.7544484635964395,3.7069999999999996e-05,6.10587149116888e-07
1.7947647755696305,1.8791903509744645,1.8369775632720475,3.71e-05,7.241374178980094e-07
1.8791903509744645,1.9675872979369864,1.9233888244557256,3.613999999999999e-05,6.213359263179324e-07
1.9675872979369864,2.0601424294220303,2.0138648636795082,3.511999999999999e-05,5.54361494574332e-07
2.0601424294220303,2.15705134605968,2.1085968877408554,3.6379999999999994e-05,7.534808115229926e-07
2.15705134605968,2.2585188495162605,2.20778509778797,3.602e-05,5.827234907455355e-07
2.2585188495162605,2.3647593753102636,2.3116391124132623,3.5e-05,7.477744758058226e-07
2.3647593753102636,2.4759974459878986,2.4203784106490813,3.509999999999999e-05,5.937171043519027e-07
2.4759974459878986,2.592468145615978,2.5342327958019384,3.4890000000000006e-05,4.1884762543593147e-07
2.592468145615978,2.7144176165949068,2.6534428811054425,3.4160000000000005e-05,4.90085026636524e-07
2.7144176165949068,2.842103579841711,2.778260598218309,3.457e-05,5.847934108155834e-07
2.842103579841711,2.9757958794424315,2.908949729642071,3.454e-05,6.066781134451196e-07
2.9757958794424315,3.1157770529249142,3.0457864661836727,3.382999999999999e-05,6.141932377789248e-07
3.1157770529249142,3.2623429283571834,3.1890599906410486,3.456999999999999e-05,7.303709103371449e-07
3.2623429283571834,3.415803249533272,3.339073088945228,3.302e-05,6.342515273927106e-07
3.415803249533272,3.5764823305677327,3.496142790050502,3.338e-05,5.144009460851795e-07
3.5764823305677327,3.74471974128222,3.6606010359249765,3.2819999999999994e-05,5.846152580971609e-07
3.74471974128222,3.920871024832596,3.832795383057408,3.3220000000000004e-05,6.016158796663035e-07
3.920871024832596,4.105308449093149,4.013089736962873,3.374e-05,5.570532589737943e-07
4.105308449093149,4.2984217933858595,4.201865121239504,3.358999999999999e-05,6.044763574092044e-07
4.2984217933858595,4.500619172217357,4.399520482801608,3.267000000000001e-05,3.7630882707332e-07
4.500619172217357,4.712327897764348,4.606473534990853,3.254e-05,4.3389706920728976e-07
4.712327897764348,4.93399538293033,4.8231616403473385,3.269999999999999e-05,5.25793051811601e-07
4.93399538293033,5.166090086881981,5.050042734906155,3.1899999999999996e-05,5.829165177507538e-07
5.166090086881981,5.409102505063519,5.28759629597275,3.19e-05,7.764770870197341e-07
5.409102505063519,5.663546205781223,5.536324355422371,3.231e-05,5.00474774589085e-07
5.663546205781223,5.9299589155488235,5.796752560665023,3.192e-05,5.634196186384309e-07
5.9299589155488235,6.2089036554874255,6.0694312855181245,3.1190000000000005e-05,4.7484207901151637e-07
6.2089036554874255,6.5009699311815945,6.35493679333451,3.1060000000000004e-05,6.237120061908771e-07
6.5009699311815945,6.806774978506158,6.653872454843876,3.1459999999999994e-05,4.78643917751006e-07
6.806774978506158,7.1269650680565935,6.966870023281375,2.9679999999999994e-05,5.563122624330249e-07
7.1269650680565935,7.462216870939709,7.2945909694981514,2.9259999999999998e-05,5.459090278303579e-07
7.462216870939709,7.8132388888109885,7.637727879875349,3.0349999999999996e-05,5.371607456494622e-07
7.8132388888109885,8.180772951180769,7.997005919995878,3.0450000000000005e-05,5.814851674806329e-07
8.180772951180769,8.565595783153572,8.37318436716717,2.9779999999999996e-05,6.527697399032397e-07
8.565595783153572,8.96852064691375,8.76705821503366,3.0229999999999997e-05,6.65976726320075e-07
8.96852064691375,9.39039906042647,9.17945985367011,2.9820000000000002e-05,5.598586131039277e-07
9.39039906042647,9.832122596986238,9.611260828706353,3.0109999999999995e-05,5.755577005537178e-07
9.832122596986238,10.294624769416025,10.063373683201132,2.9319999999999997e-05,6.32211726138218e-07
10.294624769416025,10.778883002898993,10.53675388615751,2.958e-05,6.190920771581523e-07
10.778883002898993,11.285920700611948,11.03240185175547,2.8529999999999996e-05,5.491129209916632e-07
11.285920700611948,11.816809406526113,11.55136505356903,2.9259999999999998e-05,5.388026849722766e-07
11.816809406526113,12.372671069945815,12.094740238235964,2.878e-05,4.874081109980324e-07
12.372671069945815,12.954680416570856,12.663675743258334,2.795e-05,4.427659276261761e-07
12.954680416570856,13.56406743109347,13.259373923832163,2.9100000000000006e-05,4.7103609203540463e-07
13.56406743109347,14.202119956576416,13.883093693834944,2.73e-05,4.4976845895044874e-07
14.202119956576416,14.87018641610557,14.536153186340993,2.839e-05,5.935556699529774e-07
14.87018641610557,15.569678662468833,15.219932539287202,2.7320000000000006e-05,4.570102114103302e-07
15.569678662468833,16.30207496188367,15.93587681217625,2.7089999999999996e-05,4.5228125467826816e-07
16.30207496188367,17.068923118078924,16.685499039981295,2.7870000000000003e-05,5.190375708944277e-07
17.068923118078924,17.871843743333184,17.470383430706054,2.6999999999999996e-05,4.834769901453538e-07
17.871843743333184,18.71253368338246,18.292188713357824,2.7509999999999992e-05,4.407569246950973e-07
18.71253368338246,19.592769603435265,19.152651643408863,2.7219999999999997e-05,4.7265209192386186e-07
19.592769603435265,20.51441174287349,20.05359067315438,2.7080000000000005e-05,3.7603191353924247e-07
20.51441174287349,21.479407846574095,20.99690979472379,2.6559999999999996e-05,5.262445565830969e-07
21.479407846574095,22.48979728115979,21.984602563866943,2.601e-05,5.44571697146799e-07
22.48979728115979,23.54771534487784,23.018756313018816,2.6059999999999994e-05,4.724228332048952e-07
23.54771534487784,24.65539778021513,24.101556562546484,2.5620000000000005e-05,4.86509677875635e-07
24.65539778021513,25.81518549878626,25.235291639500694,2.583999999999999e-05,6.186140423021057e-07
25.81518549878626,27.029529528479973,26.422357513633116,2.536e-05,5.32893047430723e-07
27.029529528479973,28.30099619331888,27.665262860899425,2.584e-05,5.615974240206798e-07
28.30099619331888,29.632272536979364,28.966634365149122,2.3740000000000003e-05,4.827179991119603e-07
29.632272536979364,31.026172001433324,30.329222269206344,2.554e-05,4.278531679599113e-07
31.026172001433324,32.48564037271279,31.755906187073055,2.4959999999999998e-05,5.199519208542247e-07
32.48564037271279,34.0137620063627,33.249701189537745,2.4019999999999987e-05,5.762522595762179e-07
34.0137620063627,35.613766345738505,34.8137641760506,2.383e-05,4.1726290673067913e-07
35.613766345738505,37.28903474692383,36.45140054633117,2.3639999999999997e-05,4.0750255622920576e-07
37.28903474692383,39.043107624691736,38.16607118580778,2.333e-05,5.396217811269899e-07
39.043107624691736,40.87969193461129,39.961399779651515,2.3569999999999996e-05,4.073593826913429e-07
40.87969193461129,42.80266900711179,41.84118047086154,2.3660000000000004e-05,3.651141374054405e-07
42.80266900711179,44.81610275006072,43.809385878586255,2.3039999999999996e-05,5.635970782985607e-07
44.81610275006072,46.924248237190184,45.87017549362545,2.306e-05,4.118757903381338e-07
46.924248237190184,49.13156070052205,48.02790446885612,2.2990000000000002e-05,4.982218381404031e-07
49.13156070052205,51.442704945796535,50.2871328231593,2.228e-05,3.5482389998420036e-07
51.442704945796535,53.862565210800646,52.65263507829859,2.136e-05,4.4885966626552367e-07
53.862565210800646,56.39625548743256,55.129410349116604,2.1399999999999995e-05,5.137687547266206e-07
56.39625548743256,59.04913032931448,57.72269290837352,2.1759999999999995e-05,4.757625458146198e-07
59.04913032931448,61.82679616779471,60.437963248554595,2.162e-05,4.108223460329392e-07
61.82679616779471,64.73512316025354,63.280959664024124,2.138e-05,4.5600621340796245e-07
64.73512316025354,67.78025759575225,66.25769037800289,2.189e-05,4.6122120506325274e-07
67.78025759575225,70.9686348842429,69.37444623999758,2.196e-05,3.429893098431266e-07
70.9686348842429,74.30699315678932,72.63781402051612,2.0800000000000004e-05,5.049752469181007e-07
74.30699315678932,77.80238750554118,76.05469033116525,2.106e-05,3.998124560340653e-07
77.80238750554118,81.46220489355541,79.63229619954829,2.1149999999999996e-05,4.5757513044308713e-07
81.46220489355541,85.29417976597404,83.37819232976472,2.05e-05,4.35889894354064e-07
85.29417976597404,89.30641039555067,87.30029508076235,2.141e-05,4.4625291782425973e-07
89.30641039555067,93.5073759970689,91.4068931963098,2.064e-05,4.5071239906027143e-07
93.5073759970689,97.90595464682157,95.70666532194524,1.9319999999999995e-05,4.5701021141035846e-07
97.90595464682157,102.51144204502063,100.2086983459211,1.967e-05,6.130048939445772e-07
102.51144204502063,107.33357116078919,104.92250660290492,1.985e-05,3.6514837167010775e-07
107.33357116078919,112.38253280125222,109.85805198102071,1.9929999999999994e-05,4.711510727286279e-07
112.38253280125222,117.66899714819542,115.02576497472381,1.921e-05,3.8828683555673093e-07
117.66899714819542,123.20413630780656,120.436566728001,1.8539999999999992e-05,3.5668613654025144e-07
123.20413630780656,128.9996479211548,126.10189211448068,1.9719999999999998e-05,5.156549233741506e-07
128.9996479211548,135.06777988530476,132.0337139032298,1.914e-05,4.802516701341771e-07
135.06777988530476,141.4213562373095,138.24456806130712,1.8599999999999998e-05,3.6285901761795505e-07
141.4213562373095,148.0738042557845,144.747580246547,1.799e-05,3.980368492154165e-07
148.0738042557845,155.03918283733685,151.55649354656066,1.869e-05,5.266402946983872e-07
155.03918283733685,162.33221220781974,158.6856975225783,1.6729999999999997e-05,4.886034520276546e-07
162.33221220781974,169.96830503120103,166.1502586195104,6.78e-06,2.558971147421036e-07
169.96830503120103,177.9635989817908,173.9659520064959,1.5360000000000002e-05,3.846210255996574e-07
177.9635989817908,186.33499084866327,182.14929491522702,1.7429999999999994e-05,4.633483211005241e-07
186.33499084866327,195.10017224434782,190.71758154650553,1.8069999999999995e-05,3.890479833302579e-07
195.10017224434782,204.27766699325355,199.6889196188007,1.8159999999999996e-05,4.1228024449396936e-07
204.27766699325355,213.88687027884222,209.0822686360479,1.6569999999999996e-05,4.4265298673641726e-07
213.88687027884222,223.9480896322804,218.9174799555613,1.6709999999999998e-05,3.002360182700764e-07
223.9480896322804,234.48258784919457,229.21533874073748,1.7460000000000002e-05,4.4876682883950483e-07
234.48258784919457,245.51262792522613,239.99760788721034,1.5869999999999995e-05,3.6971836127878887e-07
245.51262792522613,257.06152010535124,251.28707401528868,1.6969999999999995e-05,4.123913998456719e-07
257.06152010535124,269.15367114639645,263.10759562587384,1.7589999999999993e-05,3.4365680554880334e-07
269.15367114639645,281.8146358968585,275.4841535216275,1.78e-05,3.5325863990377734e-07
281.8146358968585,295.0711713030343,288.44290359994636,1.6230000000000002e-05,5.435071296680438e-07
295.0711713030343,308.95129295559485,302.0112321293146,1.6089999999999997e-05,3.6311155310731055e-07
308.95129295559485,323.48433429610424,316.21781362584954,1.62e-05,3.2755406678389005e-07
323.48433429610424,338.70100860860873,331.0926714523565,1.6e-05,3.191786333700883e-07
338.70100860860873,354.6334739273035,346.6672412679561,1.505e-05,4.064582799419064e-07
354.6334739273035,371.3154009974541,362.9744374623788,1.594e-05,2.0579115627256705e-07
371.3154009974541,388.78204443318634,380.0487227153202,1.526e-05,4.1570221713786255e-07
388.78204443318634,407.0703172225394,397.9261808278629,1.4950000000000001e-05,3.529636430757884e-07
407.0703172225394,426.21886873722667,416.64459297988304,1.556e-05,4.352393977265074e-07
426.21886873722667,446.26816641196905,436.24351757459783,1.5819999999999998e-05,3.8229569707231013e-07
446.26816641196905,467.2605812660174,456.76437383899327,1.564e-05,3.625948151863208e-07
467.2605812660174,489.2404774475994,478.25052935680844,1.559e-05,5.800287349203758e-07
489.2404774475994,512.2543059905291,500.74739171906424,1.527e-05,4.1254292705931e-07
512.2543059905291,536.3507029811199,524.3025044858246,1.4959999999999999e-05,3.695943722515292e-07
536.3507029811199,561.580592342859,548.9656476619894,1.4340000000000002e-05,3.631115531073061e-07
561.580592342859,587.997293456065,574.788942899462,1.452e-05,3.875456962303492e-07
587.997293456065,615.6566338399645,601.8269636480147,1.4589999999999998e-05,3.4877165404698617e-07
615.6566338399645,644.6170671353223,630.1368504876434,1.467e-05,3.4178453251524904e-07
644.6170671353223,674.939796636966,659.7784318861441,1.3709999999999996e-05,3.210269978262567e-07
674.939796636966,706.6889046372677,690.8143506371168,1.3880000000000001e-05,4.2747319604079237e-07
706.6889046372677,739.931487853933,723.3101962456003,1.4029999999999998e-05,4.675557007815614e-07
739.931487853933,774.7377992283004,757.3346435411167,1.4359999999999998e-05,3.437174226987462e-07
774.7377992283004,811.1813963938201,792.9595978110603,1.3540000000000004e-05,3.836991008589842e-07
811.1813963938201,849.3392971284771,830.2603467611486,1.337e-05,3.1626729201736575e-07
849.3392971284771,889.2921421196826,869.3157196240799,1.3840000000000003e-05,3.840247387864421e-07
889.2921421196826,931.1243653856103,910.2082537526464,1.2969999999999998e-05,3.966841732831458e-07
931.1243653856103,974.9243727131394,953.0243690493749,1.3919999999999997e-05,3.108188110995458e-07
974.9243727131394,1020.7847284895003,997.8545506013198,1.405e-05,3.6055512754639803e-07
1020.7847284895003,1068.802351322465,1044.7935399059827,1.367e-05,4.53164797102924e-07
1068.802351322465,1119.0787188624954,1093.9405350924803,1.3510000000000003e-05,2.977275040480173e-07
1119.0787188624954,1171.720082259704,1145.3994005610998,1.3049999999999999e-05,4.0440285195169706e-07
1171.720082259704,1226.8376907088548,1199.2788864842794,1.3349999999999998e-05,3.7137133258595535e-07
1226.8376907088548,1284.5480265569379,1255.6928586328963,1.398e-05,3.6139774948570704e-07
1284.5480265569379,1344.973051470185,1314.7605390135614,1.3749999999999997e-05,3.7638632635454815e-07
1344.973051470185,1408.2404641807598,1376.6067578254724,1.198e-05,3.300631252755564e-07
1408.2404641807598,1474.4839703578277,1441.3622172692938,1.0529999999999999e-05,2.847952480876982e-07
1474.4839703578277,1543.8435651733403,1509.163767765584,1.2050000000000002e-05,3.7109073463686733e-07
1543.8435651733403,1616.4658291596845,1580.1546971665125,1.2629999999999998e-05,2.847220867208366e-07
1616.4658291596845,1692.5042379844535,1654.485033572069,1.2750000000000002e-05,3.378855822118887e-07
1692.5042379844535,1772.119486796993,1732.3118623907233,1.2820000000000001e-05,3.4080786375903837e-07
1772.119486796993,1855.47982983218,1813.7996583145864,1.2429999999999994e-05,3.1804087787579153e-07
1855.47982983218,1942.7614359891356,1899.1206329106578,1.295e-05,3.4429880433522375e-07
1942.7614359891356,2034.148761136325,1988.4550985627302,1.303e-05,3.2478197815355104e-07
2034.148761136325,2129.8349379298597,2081.991849533092,1.292e-05,3.3995097685793804e-07
2129.8349379298597,2230.0221839688165,2179.928560949338,1.2009999999999995e-05,3.241913015489547e-07
2230.0221839688165,2334.922229150145,2282.4722065594806,1.265e-05,3.2500000000000377e-07
2334.922229150145,2444.756763126312,2389.8394961382282,1.1609999999999999e-05,3.162541172327535e-07
2444.756763126312,2559.75790381133,2502.257333468821,1.1089999999999997e-05,3.0614539029683495e-07
2559.75790381133,2680.168687925228,2619.9632958682787,9.32e-06,3.6586655126334335e-07
2680.168687925228,2806.2435846137314,2743.2061362694794,8.08e-06,2.710780945287425e-07
2806.2435846137314,2938.249033228547,2872.246308921139,6.17e-06,2.5113077602449715e-07
2938.249033228547,3076.464006404787,3007.356519816667,4.09e-06,1.7788104639524342e-07
3076.464006404787,3221.180599625506,3148.8223030151466,2.5200000000000004e-06,1.5673757260678295e-07
3221.180599625506,3372.7046485193,3296.9426240724033,1.77e-06,1.345672074962297e-07
3372.7046485193,3531.3563751955307,3452.030511857415,8.9e-07,1.0111874208078344e-07
3531.3563751955307,3697.4710649831036,3614.4137200893174,5.099999999999999e-07,7.427426651719067e-08
3697.4710649831036,3871.3997750029707,3784.435419993037,2.0000000000000004e-07,5.2041649986653306e-08
3871.3997750029707,4053.510076071831,3962.454925537401,1.0000000000000001e-07,2.4999999999999996e-08
4053.510076071831,4244.186829504904,4148.8484527883675,2e-08,1.3844373104863458e-08
4244.186829504904,4443.833000459449,4344.009914982176,2e-08,1.3844373104863458e-08
4443.833000459449,4652.870509537877,4548.351754998663,1.2000000000000002e-07,2.9297326385411577e-08
4652.870509537877,4871.741124450209,4762.305816994043,2.1000000000000005e-07,4.7169905660283025e-08
4871.741124450209,5100.907393620252,4986.324259035231,2.8000000000000007e-07,5.6494837522260976e-08
5100.907393620252,5340.853623708527,5220.88050866439,3.8e-07,6.311365409587159e-08
5340.853623708527,5592.086903117788,5466.470263413157,3.000000000000001e-07,4.5643546458763846e-08
5592.086903117788,5855.138173644152,5723.61253838097,3.2e-07,5.499999999999999e-08
5855.138173644152,6130.563352538598,5992.8507630913755,3.000000000000001e-07,4.330127018922192e-08
6130.563352538598,6418.944507350146,6274.753929944372,2.6e-07,6.204836822995428e-08
6418.944507350146,6720.891086033548,6569.917796691847,2.1999999999999998e-07,4.636809247747853e-08
6720.891086033548,7037.041204921141,6878.966145477345,4e-08,1.8708286933869706e-08
7037.041204921141,7368.062997280774,7202.552101100957,3.2000000000000006e-07,5.6862407030773254e-08
7368.062997280774,7714.65602530979,7541.359511295282,1.3399999999999999e-06,1.2151817422372127e-07
7714.65602530979,8077.552758549069,7896.10439192943,6.340000000000001e-06,2.8095076674273874e-07
8077.552758549069,8457.520121841548,8267.536440195308,6.999999999999999e-06,3.027650354097507e-07
8457.520121841548,8855.361116106555,8656.440618974051,3.970000000000001e-06,1.5297058540778205e-07
8855.361116106555,9271.916515355242,9063.638815730897,1.1999999999999997e-06,1.0801234497346453e-07
9271.916515355242,9708.066643533462,9489.991579444351,6.699999999999999e-07,7.029698902987718e-08
9708.066643533462,10164.73323494718,9936.39993924032,1.4e-07,3.253203549323855e-08
10164.73323494718,10642.881382202124,10403.807308574651,1.6e-07,4.0517485937144055e-08
10642.881382202124,11143.521575774359,10893.201478988241,1.3e-07,3.5707142142714254e-08
11143.521575774359,11667.711839522062,11405.61670764821,1.3e-07,3.5707142142714254e-08
11667.711839522062,12216.559966651594,11942.135903086828,1.4e-07,3.559026084010436e-08
12216.559966651594,12791.225860863202,12503.892913757398,1.4e-07,3.559026084010436e-08
12791.225860863202,13392.923987624032,13092.074924243618,1.9e-07,4.8476798574163295e-08
13392.923987624032,14022.925940748777,13707.924964186404,2.0000000000000004e-07,3.5355339059327366e-08
14022.925940748777,14682.56312971207,14352.744535230424,3.2000000000000006e-07,4.8989794855663556e-08
14682.56312971207,15373.22959337181,15027.896361541942,4.2000000000000006e-07,6.2449979983984e-08
15373.22959337181,16096.384946049771,15734.807269710791,5.1e-07,6.034622330077226e-08
16096.384946049771,16853.557462195597,16474.971204122685,4.3999999999999986e-07,6.000000000000001e-08
16853.557462195597,17646.34730615308,17249.952384174336,2.7000000000000006e-07,4.546060565661952e-08
17646.34730615308,18476.429913854514,18061.388610003796,5.5e-07,6.123724356957946e-08
18476.429913854514,19345.559533589316,18910.994723721917,9.6e-07,1.0376254944182261e-07
19345.559533589316,20255.572933330448,19800.566233459882,1.51e-06,1.1500000000000004e-07
20255.572933330448,21208.39328245294,20731.983107891694,4.33e-06,2.5442746183015183e-07
21208.39328245294,22206.03421604816,21707.21374925055,1.3499999999999998e-06,1.136515141415489e-07
22206.03421604816,23250.60409042308,22728.31915323562,7.199999999999999e-07,8.934950102453477e-08
23250.60409042308,24344.310438777808,23797.457264600445,8.7e-07,1.2999999999999995e-07
24344.310438777808,25489.464636477842,24916.887537627823,1.41e-06,9.561206339508988e-08
25489.464636477842,26688.486785780282,26088.97571112906,1.4399999999999998e-06,1.0923979738782643e-07
26688.486785780282,27943.91083033714,27316.19880805871,1.8999999999999998e-06,1.4361406616345082e-07
27943.91083033714,29258.389910284437,28601.15037031079,2.679999999999999e-06,1.4326548781894494e-07
29258.389910284437,30634.7019692342,29946.54593975932,1.9699999999999998e-06,1.1485498102680057e-07
30634.7019692342,32075.755625018886,31355.228797126543,3.14e-06,1.8090052515125527e-07
32075.755625018886,33584.596316595074,32830.17597080698,4.1199999999999995e-06,2.268993903326612e-07
33584.596316595074,35164.412740096974,34374.50452834602,4.489999999999999e-06,2.2522211259110492e-07
35164.412740096974,36818.54358764134,35991.47816386916,4.81e-06,2.0680103158994845e-07
36818.54358764134,38550.484603125115,37684.51409538323,4.669999999999999e-06,2.3879907872519195e-07
38550.484603125115,40363.89596992724,39457.19028652618,3.8599999999999995e-06,1.904380914278094e-07
40363.89596992724,42262.61004612722,41313.253008027226,3.329999999999999e-06,2.0601375358617926e-07
42262.61004612722,44250.63946358777,43256.6247548575,3.7099999999999996e-06,2.1490307892939464e-07
44250.63946358777,46332.1856080175,45291.412535802636,4.049999999999999e-06,2.4874685927665514e-07
46332.1856080175,48511.64749793505,47421.916552976276,4.159999999999999e-06,1.65755844542509e-07
48511.64749793505,50793.63108129893,49652.63928961699,1.96e-06,1.5986973864159968e-07
50793.63108129893,53182.95896944989,51988.29502537441,3.0599999999999995e-06,1.5362291495737268e-07
53182.95896944989,55684.68062893723,54433.81979919356,2.5600000000000005e-06,1.0336021155809078e-07
55684.68062893723,58304.08305276759,56994.38184085241,7.269999999999999e-06,2.581666128685134e-07
58304.08305276759,61046.70193362837,59675.392493197985,1.2889999999999999e-05,4.092879996612016e-07
61046.70193362837,63918.33336269862,62482.5176481635,2.5999999999999992e-06,1.4505745987941078e-07
63918.33336269862,66925.0460787709,65421.689720734765,8.899999999999998e-07,9.137833441248536e-08
66925.0460787709,70073.19429357079,68499.12018617085,5.099999999999999e-07,7.427426651719066e-08
70073.19429357079,73369.43112037826,71721.31270697452,1.4899999999999997e-06,1.1944315244779311e-07
73369.43112037826,76820.72263433016,75095.07687735421,3e-06,1.8142950880897715e-07
76820.72263433016,80434.36259411823,78627.54261422419,4.359999999999999e-06,2.1558061137310184e-07
80434.36259411823,84217.98785619426,82326.17522515624,2.25e-06,1.4068285846778448e-07
84217.98785619426,88179.59451405832,86198.79118512629,1.8000000000000001e-06,1.241638702145944e-07
88179.59451405832,92327.55479673743,90253.57465539788,9.899999999999998e-07,9.945685831890474e-08
92327.55479673743,96670.6347621674,94499.09477945243,1.22e-06,1.148549810268004e-07
96670.6347621674,101218.01282286964,98944.32379251852,1.6600000000000002e-06,1.5803480629279092e-07
101218.01282286964,105979.29914307396,103598.6559829718,2.85e-06,1.3844373104863472e-07
105979.29914307396,110964.5559482816,108471.92754567778,3.25e-06,1.6645820296198504e-07
110964.5559482816,116184.31879018481,113574.4373692332,1.83e-06,1.3671747023210567e-07
116184.31879018481,121649.61881189227,118916.96880103854,1.16e-06,1.2151817422372127e-07
121649.61881189227,127372.00606050127,124510.81243619678,1.1800000000000001e-06,1.2291596044994856e-07
127372.00606050127,133363.57389629932,130367.7899784003,3.9499999999999995e-06,1.898464291649088e-07
133363.57389629932,139636.98455016405,136500.2792232317,2.1300000000000004e-06,1.2172373091006764e-07
139636.98455016405,146205.49588318952,142921.2402166768,2.31e-06,1.8216293073326803e-07
146205.49588318952,153082.98940507413,149644.24264413182,4.61e-06,1.797451900144576e-07
153082.98940507413,160283.99961050015,156683.49450778714,3.41e-06,1.8078532388812222e-07
160283.99961050015,167823.74469548443,164053.8721529923,1.27e-06,1.171893055416464e-07
167823.74469548443,175718.1587186335,171770.95170705896,2.88e-06,1.832120811154841e-07
175718.1587186335,183983.92527525063,179851.04199694208,1.66e-06,1.644941741622886e-07
183983.92527525063,192638.51275548118,188311.2190153659,1.0900000000000002e-06,1.1075498483890753e-07
192638.51275548118,201700.2112609861,197169.36200823364,1.7300000000000004e-06,1.4136241839093329e-07
201700.2112609861,211188.17125818488,206444.1912595855,9.699999999999998e-07,6.344288770224773e-08
211188.17125818488,221122.4440497306,216155.30765395775,1.2600000000000002e-06,9.626352718795766e-08
221122.4440497306,231524.02414977323,226323.23409975192,1.5299999999999998e-06,9.716823898098954e-08
231524.02414977323,242414.89365253726,236969.45890115525,6.999999999999998e-07,5.9511903571190536e-08
242414.89365253726,253818.0686880081,248116.4811702727,6.699999999999999e-07,9.970790674097352e-08
253818.0686880081,265757.64806287445,259787.85837544128,1.17e-06,8.746427842267954e-08
265757.64806287445,278258.8641895524,272008.2561262134,1.17e-06,1.1965227397198368e-07
278258.8641895524,291348.1364108892,284803.5003002208,1.12e-06,1.001249219725038e-07
291348.1364108892,305053.1268332746,298200.6316220819,1.03e-06,9.38971068066885e-08
305053.1268332746,319402.79878611746,312227.96280969604,1.04e-06,1.0476163419878483e-07
319402.79878611746,334427.4780312696,326915.13840869354,1.11e-06,1.1554220008291345e-07
334427.4780312696,350158.91685172316,342293.1974414964,1.5299999999999998e-06,1.5500000000000018e-07
350158.91685172316,366630.3611550337,358394.63900337846,1.2499999999999997e-06,1.0992421631894122e-07
366630.3611550337,383876.6207332969,375253.49094416527,1.55e-06,1.1456439237389604e-07
383876.6207332969,401934.14282812644,392905.3817807117,1.6699999999999997e-06,1.4413535305399596e-07
401934.14282812644,420841.08915614587,411387.6159921362,1.8699999999999999e-06,1.2675435561221028e-07
420841.08915614587,440637.41655772773,430739.2528569368,1.9899999999999996e-06,1.4029730337156666e-07
440637.41655772773,461364.9614394688,451001.18899859826,2.17e-06,1.3127579111676847e-07
461364.9614394688,483067.52818880335,472216.24481413607,2.71e-06,1.230514797418816e-07
483067.52818880335,505790.9817476623,494429.2549682328,2.82e-06,1.5446142992130206e-07
505790.9817476623,529583.3445407572,517687.1631442098,2.6399999999999997e-06,1.7445152144172722e-07
529583.3445407572,554494.8979633953,542039.1212520762,3.2699999999999996e-06,2.2680755425396832e-07
554494.8979633953,580578.2886432377,567536.5933033165,3.8099999999999995e-06,1.7576025337563277e-07
580578.2886432377,607888.6397006372,594233.4641719374,2.8999999999999993e-06,1.7017148213885162e-07
607888.6397006372,636483.6672426153,622186.1534716262,3.2499999999999994e-06,1.645701471510959e-07
636483.6672426153,666423.8023367444,651453.7347896798,3.6400000000000003e-06,2.393915899386051e-07
666423.8023367444,697772.3187226298,682098.0605296871,4.09e-06,2.249444375840397e-07
697772.3187226298,730595.4665309708,714183.8926268003,3.5499999999999995e-06,1.7853571071357146e-07
730595.4665309708,764962.6122927105,747779.0394118406,4.19e-06,1.596088969951235e-07
764962.6122927105,800946.3855342498,782954.4989134802,3.78e-06,1.9859926149577403e-07
800946.3855342498,838622.8322684389,819784.6089013444,3.7700000000000008e-06,1.7435595774162643e-07
838622.8322684389,878071.5757058214,858347.2039871302,3.17e-06,1.7243356208503443e-07
878071.5757058214,919375.9845256688,898723.780115745,2.8599999999999997e-06,1.3546217184144098e-07
919375.9845256688,962623.3490625251,940999.6667940969,3.1800000000000005e-06,2.157931107951933e-07
962623.3490625251,1007905.0657804913,985264.2074215082,3.2699999999999996e-06,1.767295485574876e-07
1007905.0657804913,1055316.8304252268,1031610.9481028591,3.7800000000000002e-06,2.3731132856791013e-07
1055316.8304252268,1104958.840261738,1080137.8353434824,3.059999999999999e-06,1.833030277982339e-07
1104958.840261738,1156936.0058254825,1130947.4230436103,3.1299999999999997e-06,1.3928388277184156e-07
1156936.0058254825,1211358.1726341562,1184147.0892298194,3.11e-06,1.633503392507446e-07
1211358.1726341562,1268340.3533288564,1239849.2629815063,2.8199999999999997e-06,1.8625699092025176e-07
1268340.3533288564,1328002.9707350668,1298171.6620319616,3.1000000000000004e-06,2.423839928708164e-07
1328002.9707350668,1390472.112357293,1359237.54154618,3.1299999999999997e-06,1.7267503197239238e-07
1390472.112357293,1455879.796845014,1423175.9546011535,3.7199999999999995e-06,2.1031722072463162e-07
1455879.796845014,1524364.2529932621,1490122.024919138,3.39e-06,1.6525233230830135e-07
1524364.2529932621,1596070.211867268,1560217.232430265,2.67e-06,1.4557357818871776e-07
1596070.211867268,1671149.212668723,1633609.7122679953,2.8599999999999997e-06,1.8090052515125564e-07
1671149.212668723,1749759.9229898606,1710454.5678292918,2.5600000000000005e-06,1.866815470259446e-07
1749759.9229898606,1832068.4741323679,1790914.1985611143,2.9200000000000004e-06,1.4770466027403003e-07
1832068.4741323679,1918248.8121995574,1875158.6431659628,3.02e-06,1.6388512236726492e-07
1918248.8121995574,2008483.0657040002,1963365.9389517787,2.6900000000000005e-06,2.0066555924389852e-07
2008483.0657040002,2102961.9304672666,2055722.4980856334,2.59e-06,1.4711106915071568e-07
2102961.9304672666,2201885.072625446,2152423.5015463564,2.5999999999999997e-06,2.036131953811774e-07
2201885.072625446,2305461.5505918744,2253673.31160866,2.06e-06,1.4597374193098333e-07
2305461.5505918744,2413910.256869083,2359685.9037304786,2.5899999999999993e-06,1.5267066952539894e-07
2413910.256869083,2527460.3806434534,2470685.3187562684,2.0400000000000004e-06,1.1335784048754615e-07
2527460.3806434534,2646351.892140279,2586906.136391866,1.9e-06,1.2076147288491197e-07
2646351.892140279,2770836.0497629484,2708593.970951614,1.9200000000000003e-06,1.0677078252031311e-07
2770836.0497629484,2901175.931087752,2836005.99042535,2.04e-06,1.238951169336388e-07
2901175.931087752,3037646.988836816,2969411.459962284,1.94e-06,1.5564382416273378e-07
3037646.988836816,3180537.633003767,3109092.3109202916,2.24e-06,1.4894070408499255e-07
3180537.633003767,3330149.840362729,3255343.736683248,2.1e-06,1.3844373104863483e-07
3330149.840362729,3486799.792648367,3408474.816505548,2.04e-06,1.5724185193516401e-07
3486799.792648367,3650818.544756078,3568809.1687022224,2.2600000000000004e-06,8.71779788708134e-08
3650818.544756078,3822552.724374035,3736685.6345650563,2.0199999999999997e-06,1.600260395477354e-07
3822552.724374035,4002365.26452609,3912458.9944500625,1.7599999999999999e-06,1.3108521401490478e-07
4002365.26452609,4190636.170573193,4096500.7175496416,1.7899999999999996e-06,1.419213397155859e-07
4190636.170573193,4387763.32329474,4289199.746933967,1.5599999999999999e-06,1.5088627063675047e-07
4387763.32329474,4594163.31974653,4490963.321520635,1.3900000000000005e-06,1.258967831201415e-07
4594163.31974653,4810272.353672883,4702217.836709706,1.5900000000000002e-06,1.375984496036687e-07
4810272.353672883,5036547.137332979,4923409.74550293,1.6200000000000004e-06,1.1825114516711171e-07
5036547.137332979,5273465.866690128,5155006.502011553,1.8000000000000001e-06,1.4790199457749026e-07
5273465.866690128,5521529.232003135,5397497.549346631,1.5400000000000003e-06,1.3668699035875096e-07
5521529.232003135,5781261.475956131,5651395.353979632,1.6199999999999997e-06,1.581929201955638e-07
5781261.475956131,6053211.5015623905,5917236.488759261,1.6000000000000001e-06,1.4860462083439177e-07
6053211.5015623905,6337954.032184204,6195582.766873297,1.65e-06,1.1726039399558573e-07
6337954.032184204,6636090.826119603,6487022.429151904,1.3700000000000002e-06,1.0618380290797636e-07
6636090.826119603,6948251.948323539,6792171.387221571,1.6499999999999994e-06,9.242113755341218e-08
6948251.948323539,7275097.101950295,7111674.525136918,1.61e-06,1.3774977313955902e-07
7275097.101950295,7617317.022531968,7446207.062241131,1.7600000000000003e-06,1.113178631966434e-07
7617317.022531968,7975634.937738522,7796475.980135245,1.7099999999999997e-06,1.32821935939312e-07
7975634.937738522,8350808.095805317,8163221.51677192,1.7399999999999996e-06,1.4250730975403826e-07
8350808.095805317,8743629.36585722,8547218.73083127,1.91e-06,1.3683932183404023e-07
8743629.36585722,9154928.91351234,8949279.13968478,1.74e-06,1.5307950004273385e-07
9154928.91351234,9585575.955305481,9370252.43440891,2.1400000000000007e-06,1.561783168902346e-07
9585575.955305481,10036480.595640088,9811028.275472784,2.5899999999999993e-06,1.3140268896284737e-07
10036480.595640088,10508595.750149623,10272538.172894854,3.3099999999999992e-06,1.6849826903166334e-07
10508595.750149623,11002919.159534361,10755757.454841992,3.78e-06,2.2235482155030219e-07
11002919.159534361,11520495.498128198,11261707.32883128,4.63e-06,1.7743543426647817e-07
11520495.498128198,12062418.581652956,11791457.039890576,5.389999999999998e-06,2.2035955466767083e-07
12062418.581652956,12629833.678824533,12346126.130238745,5.799999999999999e-06,2.5980762113533235e-07
12629833.678824533,13223939.931697555,12926886.805261044,6.68e-06,2.596150997149429e-07
13223939.931697555,13845992.889862021,13534966.41077979,5.05e-06,2.6220221204253803e-07
13845992.889862021,14497307.1638492,14171650.02685561,5.7e-07,6.538348415311012e-08
14497307.1638492,15179259.20335258,14838283.18360089,0.0,0.0
15179259.20335258,15893290.206137046,15536274.704744812,0.0,0.0
15893290.206137046,16640909.163781902,16267099.684959475,0.0,0.0
16640909.163781902,17423696.050696317,17032302.60723911,0.0,0.0
17423696.050696317,18243305.16314514,17833500.606920727,0.0,0.0
18243305.16314514,19101468.615342155,18672386.889243647,0.0,0.0
19101468.615342155,20000000.000000004,19550734.307671078,0.0,0.0
